PySnooper
1
1
1
ansible
5
9
1
7
1
1
4
1
2
1
4
1
15
14
13
8
11
1
black
9
10
6
5
4
5
2
3
5
4
5
14
2
1
2
1
7
13
12
11
10
4
1
cookiecutter
3
2
2
1
fastapi
16
1
1
5
4
1
2
1
1
1
1
1
6
1
1
8
httpie
4
3
2
1
1
keras
12
1
3
1
1
1
1
5
1
3
2
1
1
1
1
1
22
21
2
17
6
1
11
1
15
14
13
1
11
4
7
8
7
10
6
5
1
1
2
1
3
1
1
6
1
luigi
2
1
1
16
5
14
1
4
1
2
14
1
1
1
11
1
1
1
1
1
4
2
12
1
2
1
1
1
1
9
5
15
11
matplotlib
12
1
3
18
1
17
14
1
1
1
1
29
11
9
1
1
3
2
2
1
1
2
28
1
1
8
1
1
6
5
pandas
168
88
27
69
8
67
55
65
44
63
62
1
87
60
59
58
57
56
55
54
53
52
51
86
50
49
48
47
46
45
44
43
42
41
131
1
39
38
37
36
1
34
32
32
31
5
30
29
28
27
26
17
1
23
22
1
4
20
19
18
17
16
15
14
13
12
11
15
10
9
8
7
6
5
4
3
2
1
12
152
2
101
11
8
81
147
1
91
72
13
70
69
4
68
1
57
65
13
1
62
133
1
59
1
130
8
14
127
125
125
124
17
50
121
1
48
1
118
117
116
114
114
113
40
39
1
1
108
35
97
105
104
31
102
11
91
28
27
26
25
93
95
22
21
20
19
162
18
12
16
87
14
13
84
11
10
9
42
80
79
6
77
14
3
2
1
72
71
1
sanic
3
4
1
1
1
scrapy
6
1
26
28
1
18
1
1
1
1
1
7
21
1
15
14
8
1
12
1
1
10
37
1
1
4
1
3
1
1
3
1
1
27
1
36
33
1
2
1
spacy
1
1
4
1
7
1
1
2
1
2
thefuck
8
10
1
8
2
4
7
2
1
4
3
30
2
1
3
1
6
8
1
5
2
4
1
1
2
1
1
4
3
1
1
2
tornado
1
1
2
1
4
1
2
1
3
11
5
1
1
1
3
2
tqdm
1
1
2
4
1
2
1
1
1
youtube-dl
13
17
3
2
9
3
3
6
14
13
2
34
1
1
1
7
6
1
8
3
1
1
2
4
5
4
3
2
1
1
5
1
1
13
1
1
1
1
26
16
3
6
13
